[ 
 [
  [1, 2, 3, 4, 5, 6, 7, 1, 2, 3, 4, 5, 0, 1, 2, 4, 1, 2, 3, 4, 5, 6, 7, 1, 2, 3, 4, 5, 0, 1, 2, 4],
  [7, 6, 5, 4, 3, 2, 1, 5, 4, 3, 2, 1, 5, 0, 1, 2, 4, 1, 2, 3, 4, 5, 6, 7, 1, 2, 3, 4, 5, 1, 0, 2],
  [3, 2, 1, 0, 6, 5, 4, 1, 0, 6, 5, 4, 3, 2, 1, 5, 4, 3, 2, 1, 5, 0, 1, 2, 4, 1, 2, 3, 4, 0, 1, 2],
  [1, 0, 1, 2, 3, 7, 5, 0, 1, 2, 3, 7, 1, 0, 1, 2, 3, 7, 5, 0, 1, 2, 3, 7, 1, 0, 0, 1, 7, 1, 2, 1],
  [2, 1, 3, 4, 1, 0, 5, 1, 3, 4, 1, 0, 1, 0, 1, 2, 3, 7, 5, 0, 1, 2, 3, 7, 1, 0, 6, 5, 4, 1, 0, 4],
  [3, 6, 1, 7, 2, 8, 1, 1, 7, 2, 8, 1, 1, 9, 2, 7, 1, 0, 0, 1, 7, 2, 8, 1, 1, 9, 2, 7, 1, 0, 0, 1],
  [1, 9, 2, 7, 1, 0, 0, 1, 7, 2, 8, 1, 5, 4, 1, 0, 6, 5, 4, 3, 2, 1, 5, 4, 3, 2, 1, 5, 0, 1, 2, 3],
  [3, 2, 1, 0, 6, 5, 4, 1, 0, 6, 5, 4, 1, 2, 3, 7, 5, 0, 1, 2, 3, 7, 1, 2, 3, 7, 5, 0, 1, 2, 3, 7],
  [1, 0, 1, 2, 3, 7, 5, 0, 1, 2, 3, 7, 3, 4, 1, 0, 5, 1, 3, 4, 1, 0, 0, 1, 2, 3, 7, 5, 0, 1, 2, 3],
  [2, 1, 3, 4, 1, 0, 5, 1, 3, 4, 1, 0, 1, 3, 3, 4, 1, 0, 5, 1, 3, 4, 9, 2, 7, 1, 0, 0, 1, 7, 2, 8],
  [3, 6, 1, 7, 2, 8, 1, 1, 7, 2, 8, 1, 7, 5, 0, 1, 2, 9, 2, 7, 1, 0, 0, 1, 2, 3, 7, 5, 0, 1, 2, 3],
  [1, 9, 2, 7, 1, 0, 0, 1, 7, 2, 8, 1, 0, 1, 2, 3, 7, 5, 0, 1, 2, 3, 1, 3, 3, 4, 1, 0, 5, 1, 3, 4]
  [2, 2, 3, 4, 5, 6, 7, 1, 2, 3, 2, 3, 7, 5, 0, 1, 2, 3, 5, 0, 4, 5, 1, 0, 1, 3, 3, 4, 1, 0, 5, 1],
  [7, 6, 5, 4, 3, 2, 1, 5, 4, 3, 0, 1, 2, 3, 7, 5, 9, 2, 7, 1, 0, 0, 1, 7, 2, 8, 0, 1, 2, 3, 2, 1],
  [3, 2, 1, 0, 6, 5, 4, 7, 5, 0, 1, 2, 9, 2, 7, 1, 0, 1, 0, 6, 5, 4, 1, 0, 1, 3, 3, 4, 1, 0, 5, 1],
  [3, 2, 1, 0, 6, 5, 2, 3, 7, 5, 0, 1, 2, 3, 5, 0, 1, 0, 1, 3, 3, 4, 1, 0, 5, 1, 4, 1, 0, 6, 5, 4],
  [1, 0, 1, 2, 3, 7, 0, 1, 2, 3, 7, 5, 0, 1, 2, 3, 5, 0, 1, 2, 1, 3, 3, 4, 1, 0, 5, 1, 3, 4, 3, 7],
  [2, 1, 3, 4, 1, 0, 5, 1, 3, 4, 1, 0, 1, 3, 3, 4, 1, 0, 5, 1, 1, 0, 2, 3, 7, 5, 0, 1, 2, 3, 5, 0],
  [3, 6, 2, 1, 0, 1, 3, 3, 4, 1, 0, 5, 1, 3, 7, 5, 0, 1, 2, 3, 5, 0, 1, 7, 2, 8, 1, 1, 7, 2, 8, 1],
  [1, 9, 2, 7, 1, 3, 4, 1, 0, 5, 1, 3, 4, 1, 0, 0, 9, 2, 7, 1, 0, 0, 1, 7, 2, 8, 0, 1, 7, 2, 8, 1],
  [1, 0, 1, 0, 1, 2, 3, 7, 5, 0, 1, 2, 3, 2, 3, 7, 1, 3, 3, 4, 1, 0, 5, 1, 3, 4, 5, 0, 1, 2, 3, 7],
  [2, 1, 3, 4, 1, 0, 1, 0, 1, 3, 3, 4, 1, 0, 5, 1, 5, 2, 3, 7, 5, 0, 1, 2, 3, 5, 0, 1, 3, 4, 1, 0],
  [3, 6, 1, 7, 2, 8, 1, 1, 7, 5, 0, 1, 2, 9, 2, 7, 1, 0, 7, 2, 8, 1, 0, 1, 2, 3, 7, 5, 0, 1, 2, 3],
  [1, 9, 2, 7, 2, 3, 7, 5, 0, 1, 2, 3, 5, 0, 1, 0, 0, 1, 7, 1, 0, 1, 3, 3, 4, 1, 0, 5, 1, 2, 8, 1]
  [3, 2, 1, 0, 1, 2, 3, 7, 5, 0, 1, 2, 3, 0, 6, 5, 4, 1, 0, 6, 5, 4, 0, 1, 2, 3, 7, 5, 0, 1, 2, 3],
  [1, 0, 1, 2, 3, 7, 5, 0, 1, 2, 9, 2, 7, 1, 0, 0, 1, 7, 2, 8, 3, 7, 0, 1, 2, 3, 7, 5, 0, 1, 2, 3],
  [2, 1, 3, 3, 4, 1, 0, 5, 1, 3, 4, 1, 0, 4, 1, 0, 5, 1, 3, 0, 1, 2, 3, 7, 5, 0, 1, 2, 3, 4, 1, 0],
  [3, 6, 1, 7, 2, 7, 5, 0, 1, 2, 9, 2, 7, 1, 0, 8, 1, 0, 1, 2, 3, 7, 5, 0, 1, 2, 3, 1, 7, 2, 8, 1],
  [1, 9, 2, 7, 1, 0, 0, 1, 7, 0, 1, 2, 3, 7, 5, 0, 1, 2, 3, 2, 8, 1, 0, 1, 3, 3, 4, 1, 0, 5, 1, 1],
  [1, 2, 3, 4, 7, 5, 0, 1, 2, 9, 0, 1, 2, 3, 7, 5, 0, 1, 2, 3, 2, 7, 1, 0, 5, 6, 7, 1, 2, 3, 4, 5],
  [7, 6, 3, 4, 1, 0, 5, 1, 3, 4, 1, 0, 5, 0, 1, 2, 3, 7, 5, 0, 1, 2, 3, 4, 3, 2, 1, 5, 4, 3, 2, 1]
 ]
]
  
